0.5	407.11553
0.6	127.19558
0.7	-12.54307
0.8	-79.41539
0.9	-107.33136
1	-114.15833
1.1	-109.73921
1.2	-101.55366
1.3	-89.2005
1.4	-76.13064
1.5	-63.4189
1.6	-51.70055
1.7	-41.29792
1.8	-32.36218
1.9	-24.90956
2	-18.8617
2.1	-14.07697
2.2	-10.36474
2.3	-7.53699
2.4	-5.4126
2.5	-3.83249
2.6	-2.6664
2.7	-1.81083
2.8	-1.18663
2.9	-0.73353
3	-0.40643
3.1	-0.1722
3.2	-0.00597
3.3	0.10899
3.4	0.18973
3.5	0.2443
3.6	0.28031
3.7	0.30243
3.8	0.31487
3.9	0.32001
4	0.3205
4.1	0.3173
4.2	0.31165
4.3	0.3044
4.4	0.29606
4.5	0.28698
4.6	0.27741
4.7	0.26769
4.8	0.25781
4.9	0.24808
5	0.2385
