0.5	420.6238332
0.6	138.1141804
0.7	-3.915374437
0.8	-72.76919423
0.9	-102.3663591
1	-110.5954299
1.010   -110.6719138
1.1	-107.3273138
1.2	-100.0717583
1.3	-88.45779605
1.4	-75.96493796
1.5	-63.6943974
1.6	-52.30484547
1.7	-42.13912118
1.8	-33.36627837
1.9	-26.01785502
2	-20.02800274
2.1	-15.26616991
2.2	-11.54993891
2.3	-8.699089599
2.4	-6.537495256
2.5	-4.911188798
2.6	-3.693101094
2.7	-2.782629768
2.8	-2.102332855
2.9	-1.593628272
3	-1.212629517
3.1	-0.926600237
3.2	-0.711368684
3.3	-0.550413628
3.4	-0.426672458
3.5	-0.331997835
3.6	-0.259187464
3.7	-0.202869073
3.8	-0.159032414
3.9	-0.124685968
4	-0.09759759
4.1	-0.076101116
4.2	-0.058948739
4.3	-0.045201582
4.4	-0.034144442
4.5	-0.025220728
4.6	-0.017992601
4.7	-0.012110916
4.8	-0.007293247
4.9	-0.003315729
5	0
